8
1397_g_Ht  0.0000000 0.1697146 0.1699783 0.1786659 0.1699783 0.1699783 0.1697146 1.2109184 
3840_g_Pb  0.1697146 0.0000000 0.0540863 0.1484914 0.0551460 0.0540863 0.0000010 1.1200595 
2333_g_Pc  0.1699783 0.0540863 0.0000000 0.1329160 0.0000010 0.0000010 0.0540863 1.1221194 
2320_g_Pf  0.1786659 0.1484914 0.1329160 0.0000000 0.1356949 0.1329160 0.1484914 1.1469384 
2399_g_Pk  0.1699783 0.0551460 0.0000010 0.1356949 0.0000000 0.0000010 0.0551460 1.3214469 
2292_g_Pv  0.1699783 0.0540863 0.0000010 0.1329160 0.0000010 0.0000000 0.0540863 1.1221194 
1383_g_Py  0.1697146 0.0000010 0.0540863 0.1484914 0.0551460 0.0540863 0.0000000 1.1200595 
7294_g_Tg  1.2109184 1.1200595 1.1221194 1.1469384 1.3214469 1.1221194 1.1200595 0.0000000 
