8
548_g_Ht   0.0000000 1.2449167 1.3669015 1.5120822 1.4225086 1.4697269 1.2265490 4.6303102 
3384_g_Pb  1.2449167 0.0000000 0.7537364 0.8355988 0.7594603 0.8096368 0.0477909 5.3740050 
2031_g_Pc  1.3669015 0.7537364 0.0000000 1.0003229 0.3361885 0.2389781 0.7680784 4.9914594 
153_g_Pf   1.5120822 0.8355988 1.0003229 0.0000000 1.2321355 1.2092228 0.7854677 5.0714013 
2069_g_Pk  1.4225086 0.7594603 0.3361885 1.2321355 0.0000000 0.3751274 0.7942242 4.5211133 
1988_g_Pv  1.4697269 0.8096368 0.2389781 1.2092228 0.3751274 0.0000000 0.8153257 4.4660533 
1081_g_Py  1.2265490 0.0477909 0.7680784 0.7854677 0.7942242 0.8153257 0.0000000 5.3188655 
3148_g_Tg  4.6303102 5.3740050 4.9914594 5.0714013 4.5211133 4.4660533 5.3188655 0.0000000 
