8
496_g_Ht   0.0000000 2.2129986 2.1047638 2.0128559 2.1118899 2.1636550 2.1316820 3.3765562 
2241_g_Pb  2.2129986 0.0000000 0.7445302 0.7739035 0.6919130 0.7737491 0.0425211 3.7424105 
843_g_Pc   2.1047638 0.7445302 0.0000000 0.5626217 0.2007127 0.1804477 0.6468343 3.3628137 
433_g_Pf   2.0128559 0.7739035 0.5626217 0.0000000 0.5806685 0.6060536 0.7179276 3.1519120 
878_g_Pk   2.1118899 0.6919130 0.2007127 0.5806685 0.0000000 0.2107857 0.6088996 3.2806648 
825_g_Pv   2.1636550 0.7737491 0.1804477 0.6060536 0.2107857 0.0000000 0.6724254 3.1666239 
223_g_Py   2.1316820 0.0425211 0.6468343 0.7179276 0.6088996 0.6724254 0.0000000 3.5909303 
1698_g_Tg  3.3765562 3.7424105 3.3628137 3.1519120 3.2806648 3.1666239 3.5909303 0.0000000 
