8
2126_g_Ht  0.0000000 2.2916290 1.3875011 2.8615500 1.3006120 1.3230395 2.1559694 5.3973343 
2882_g_Pb  2.2916290 0.0000000 0.8498633 1.0886214 0.8679020 0.8489234 0.0707736 4.6110648 
250_g_Pc   1.3875011 0.8498633 0.0000000 0.9509827 0.1122552 0.1403738 0.8392237 3.1710262 
4497_g_Pf  2.8615500 1.0886214 0.9509827 0.0000000 0.8932592 0.8200930 1.0431920 6.2955702 
268_g_Pk   1.3006120 0.8679020 0.1122552 0.8932592 0.0000000 0.1306130 0.8221698 3.2870747 
239_g_Pv   1.3230395 0.8489234 0.1403738 0.8200930 0.1306130 0.0000000 0.8052684 3.4191835 
4426_g_Py  2.1559694 0.0707736 0.8392237 1.0431920 0.8221698 0.8052684 0.0000000 4.3531462 
5934_g_Tg  5.3973343 4.6110648 3.1710262 6.2955702 3.2870747 3.4191835 4.3531462 0.0000000 
