8
3164_g_Ht  0.0000000 0.7513401 0.6656858 0.6799227 0.7704557 0.7024552 0.7512681 2.8642330 
3466_g_Pb  0.7513401 0.0000000 0.5536007 0.5611017 0.7040937 0.5954777 0.0511679 2.9089307 
3659_g_Pc  0.6656858 0.5536007 0.0000000 0.2502065 0.1172048 0.0338115 0.5572388 2.6997969 
3307_g_Pf  0.6799227 0.5611017 0.2502065 0.0000000 0.3492373 0.2592135 0.5702382 2.8411018 
3743_g_Pk  0.7704557 0.7040937 0.1172048 0.3492373 0.0000000 0.1446629 0.6926469 2.4305913 
3635_g_Pv  0.7024552 0.5954777 0.0338115 0.2592135 0.1446629 0.0000000 0.5995145 2.7050566 
3076_g_Py  0.7512681 0.0511679 0.5572388 0.5702382 0.6926469 0.5995145 0.0000000 3.0037494 
4387_g_Tg  2.8642330 2.9089307 2.6997969 2.8411018 2.4305913 2.7050566 3.0037494 0.0000000 
