8
496_g_Ht   0.0000000 2.2129956 2.1047610 2.0128534 2.1118871 2.1636522 2.1316792 3.3765502 
2241_g_Pb  2.2129956 0.0000000 0.7445298 0.7739030 0.6919127 0.7737487 0.0425211 3.7424034 
843_g_Pc   2.1047610 0.7445298 0.0000000 0.5626214 0.2007127 0.1804477 0.6468340 3.3628076 
433_g_Pf   2.0128534 0.7739030 0.5626214 0.0000000 0.5806683 0.6060533 0.7179272 3.1519065 
878_g_Pk   2.1118871 0.6919127 0.2007127 0.5806683 0.0000000 0.2107857 0.6088993 3.2806591 
825_g_Pv   2.1636522 0.7737487 0.1804477 0.6060533 0.2107857 0.0000000 0.6724251 3.1666185 
223_g_Py   2.1316792 0.0425211 0.6468340 0.7179272 0.6088993 0.6724251 0.0000000 3.5909237 
1698_g_Tg  3.3765502 3.7424034 3.3628076 3.1519065 3.2806591 3.1666185 3.5909237 0.0000000 
