8
1267_g_Ht  0.0000000 0.2865103 0.2604241 0.2226496 0.2863126 0.2989862 0.2892685 7.8256417 
2363_g_Pb  0.2865103 0.0000000 0.2064773 0.1334907 0.2254395 0.2234763 0.0180174 5.7328584 
560_g_Pc   0.2604241 0.2064773 0.0000000 0.1472090 0.0402142 0.0291297 0.2101389 5.9511234 
3612_g_Pf  0.2226496 0.1334907 0.1472090 0.0000000 0.1780974 0.1790154 0.1373416 5.6271283 
576_g_Pk   0.2863126 0.2254395 0.0402142 0.1780974 0.0000000 0.0450693 0.2195109 5.9571120 
537_g_Pv   0.2989862 0.2234763 0.0291297 0.1790154 0.0450693 0.0000000 0.2175811 6.1159910 
1569_g_Py  0.2892685 0.0180174 0.2101389 0.1373416 0.2195109 0.2175811 0.0000000 5.7592753 
5024_g_Tg  7.8256417 5.7328584 5.9511234 5.6271283 5.9571120 6.1159910 5.7592753 0.0000000 
