8
2155_g_Ht  0.0000000 0.5822642 0.5705191 0.5545157 0.5600946 0.5616445 0.5333465 2.6413130 
3052_g_Pb  0.5822642 0.0000000 0.2710438 0.3811688 0.2901869 0.2759432 0.0540627 2.4070362 
1767_g_Pc  0.5705191 0.2710438 0.0000000 0.2602618 0.0286828 0.0202997 0.2461532 2.2079721 
1408_g_Pf  0.5545157 0.3811688 0.2602618 0.0000000 0.2824899 0.2621080 0.3438394 2.3543092 
1814_g_Pk  0.5600946 0.2901869 0.0286828 0.2824899 0.0000000 0.0343945 0.2607269 2.2773253 
1738_g_Pv  0.5616445 0.2759432 0.0202997 0.2621080 0.0343945 0.0000000 0.2549372 2.2079244 
2506_g_Py  0.5333465 0.0540627 0.2461532 0.3438394 0.2607269 0.2549372 0.0000000 2.2778161 
496_g_Tg   2.6413130 2.4070362 2.2079721 2.3543092 2.2773253 2.2079244 2.2778161 0.0000000 
