8
3164_g_Ht  0.0000000 0.7513442 0.6656895 0.6799279 0.7704584 0.7024600 0.7512723 2.8642483 
3466_g_Pb  0.7513442 0.0000000 0.5536048 0.5611051 0.7040970 0.5954826 0.0511681 2.9089318 
3659_g_Pc  0.6656895 0.5536048 0.0000000 0.2502080 0.1172055 0.0338116 0.5572421 2.6997974 
3307_g_Pf  0.6799279 0.5611051 0.2502080 0.0000000 0.3492390 0.2592151 0.5702417 2.8411142 
3743_g_Pk  0.7704584 0.7040970 0.1172055 0.3492390 0.0000000 0.1446638 0.6926491 2.4305963 
3635_g_Pv  0.7024600 0.5954826 0.0338116 0.2592151 0.1446638 0.0000000 0.5995184 2.7050564 
3076_g_Py  0.7512723 0.0511681 0.5572421 0.5702417 0.6926491 0.5995184 0.0000000 3.0037483 
4387_g_Tg  2.8642483 2.9089318 2.6997974 2.8411142 2.4305963 2.7050564 3.0037483 0.0000000 
