8
199_g_Ht   0.0000000 0.6706085 0.6043593 0.5951873 0.5475758 0.5511879 0.5978986 7.2360724 
2990_g_Pb  0.6706085 0.0000000 0.1982862 0.2532555 0.2014580 0.1973427 0.0190461 3.1971341 
1941_g_Pc  0.6043593 0.1982862 0.0000000 0.1470723 0.0196468 0.0118011 0.1689824 3.1656404 
68_g_Pf    0.5951873 0.2532555 0.1470723 0.0000000 0.1444897 0.1425437 0.2242239 3.1715048 
1978_g_Pk  0.5475758 0.2014580 0.0196468 0.1444897 0.0000000 0.0090195 0.1769582 3.1216212 
1903_g_Pv  0.5511879 0.1973427 0.0118011 0.1425437 0.0090195 0.0000000 0.1697202 3.1746785 
1002_g_Py  0.5978986 0.0190461 0.1689824 0.2242239 0.1769582 0.1697202 0.0000000 3.0909532 
460_g_Tg   7.2360724 3.1971341 3.1656404 3.1715048 3.1216212 3.1746785 3.0909532 0.0000000 
