8
1397_g_Ht  0.0000000 0.1697129 0.1699765 0.1786640 0.1699765 0.1699765 0.1697129 1.2109000 
3840_g_Pb  0.1697129 0.0000000 0.0540859 0.1484900 0.0551455 0.0540859 0.0000010 1.1200413 
2333_g_Pc  0.1699765 0.0540859 0.0000000 0.1329147 0.0000010 0.0000010 0.0540859 1.1221011 
2320_g_Pf  0.1786640 0.1484900 0.1329147 0.0000000 0.1356936 0.1329147 0.1484900 1.1469204 
2399_g_Pk  0.1699765 0.0551455 0.0000010 0.1356936 0.0000000 0.0000010 0.0551455 1.3214240 
2292_g_Pv  0.1699765 0.0540859 0.0000010 0.1329147 0.0000010 0.0000000 0.0540859 1.1221011 
1383_g_Py  0.1697129 0.0000010 0.0540859 0.1484900 0.0551455 0.0540859 0.0000000 1.1200413 
7294_g_Tg  1.2109000 1.1200413 1.1221011 1.1469204 1.3214240 1.1221011 1.1200413 0.0000000 
