8
548_g_Ht   0.0000000 1.2398711 1.3617394 1.5071059 1.4192027 1.4656450 1.2217666 4.6212862 
3384_g_Pb  1.2398711 0.0000000 0.7513397 0.8311688 0.7579967 0.8070537 0.0477818 5.3658320 
2031_g_Pc  1.3617394 0.7513397 0.0000000 0.9966080 0.3356496 0.2387097 0.7654340 4.9820842 
153_g_Pf   1.5071059 0.8311688 0.9966080 0.0000000 1.2280066 1.2047823 0.7814996 5.0613119 
2069_g_Pk  1.4192027 0.7579967 0.3356496 1.2280066 0.0000000 0.3745282 0.7924740 4.5113249 
1988_g_Pv  1.4656450 0.8070537 0.2387097 1.2047823 0.3745282 0.0000000 0.8127170 4.4616761 
1081_g_Py  1.2217666 0.0477818 0.7654340 0.7814996 0.7924740 0.8127170 0.0000000 5.3114748 
3148_g_Tg  4.6212862 5.3658320 4.9820842 5.0613119 4.5113249 4.4616761 5.3114748 0.0000000 
